0.00000	5.92072	
0.12013	6.93446	
0.24027	7.72639	
0.36040	9.26540	
0.48053	8.86399	
0.60066	5.71891	
0.72080	4.46945	
0.84093	5.52769	
0.96106	5.61967	
1.08119	4.41368	
1.20133	3.26241	
1.32146	6.12713	
1.44159	6.61999	
1.56173	6.81875	
1.68186	8.73893	
1.80199	9.68654	
1.92212	8.63971	
2.04226	6.91447	
2.16239	5.32968	
2.28252	5.88262	
2.40265	4.79902	
2.52279	5.54718	
2.64292	6.35453	
2.76305	9.55427	
2.88319	10.81155	
3.00332	14.47377	
3.12345	14.39579	
3.24358	13.74960	
3.36372	16.34420	
3.48385	20.23572	
3.60398	24.44429	
3.72411	27.92314	
3.84425	25.90654	
3.96438	26.65647	
4.08451	22.88603	
4.20465	20.86897	
4.32478	19.28950	
4.44491	21.48081	
4.56504	23.32550	
4.68518	30.74769	
4.80531	32.29860	
4.92544	29.92210	
5.04557	26.78362	
5.16571	22.07913	
5.28584	16.58108	
5.40597	16.11131	
5.52610	14.75673	
5.64624	12.76969	
5.76637	13.20019	
5.88650	14.06358	
6.00664	13.57694	
6.12677	14.64818	
6.24690	16.10366	
6.36703	18.24920	
6.48717	20.83999	
6.60730	21.24734	
6.72743	18.25403	
6.84756	18.41646	
6.96770	16.84715	
7.08783	12.70181	
7.20796	13.79242	
7.32810	15.82914	
7.44823	18.71963	
7.56836	20.26648	
7.68849	19.96968	
7.80863	17.64616	
7.92876	14.00482	
8.04889	12.99947	
8.16902	11.34135	
8.28916	10.12895	
8.40929	10.27066	
8.52942	11.03603	
8.64956	10.78369	
8.76969	10.38161	
8.88982	10.64705	
9.00995	12.17069	
9.13009	15.81006	
9.25022	21.34024	
9.37035	22.56490	
9.49048	22.78902	
9.61062	24.23912	
9.73075	23.24012	
9.85088	22.88941	
9.97101	27.23456	
10.09115	23.16457	
10.21128	17.96733	
10.33141	20.09282	
10.45155	24.50692	
10.57168	29.12958	
10.69181	29.66290	
10.81194	28.62008	
10.93208	25.88475	
11.05221	28.11950	
11.17234	32.63718	
11.29247	31.80305	
11.41261	28.69194	
11.53274	29.14493	
11.65287	34.49196	
11.77301	36.66405	
11.89314	33.20941	
12.01327	31.22878	
12.13340	36.22278	
12.25354	41.35699	
12.37367	36.92081	
12.49380	30.24920	
12.61394	28.81163	
12.73407	30.48628	
12.85420	29.20292	
12.97433	28.75289	
13.09447	28.49947	
13.21460	29.37642	
13.33473	33.96672	
13.45486	39.47895	
13.57500	45.20052	
13.69513	47.92218	
13.81526	41.96769	
13.93540	33.33540	
14.05553	30.23528	
14.17566	32.29715	
14.29579	32.87227	
14.41593	37.82671	
14.53606	50.72412	
14.65619	58.09067	
14.77632	55.53805	
14.89646	44.09959	
15.01659	39.76987	
15.13672	47.41626	
15.25686	54.41119	
15.37699	50.60090	
15.49712	40.96534	
15.61725	41.00041	
15.73739	41.28616	
15.85752	40.11683	
15.97765	46.43967	
16.09778	54.52059	
16.21792	55.24682	
16.33805	68.16531	
16.45818	73.65910	
16.57831	60.25871	
16.69845	52.41708	
16.81858	51.56983	
16.93871	57.23764	
17.05885	67.26789	
17.17898	66.29879	
17.29911	58.90640	
17.41924	42.65804	
17.53938	43.87398	
17.65951	43.35320	
17.77964	37.17287	
17.89977	34.78384	
18.01991	41.22339	
18.14004	37.17411	
18.26017	36.73829	
18.38031	48.03400	
18.50044	57.26711	
18.62057	52.44303	
18.74070	53.02555	
18.86084	56.65948	
18.98097	68.42353	
19.10110	77.60315	
19.22124	73.36936	
19.34137	68.20080	
19.46150	69.26898	
19.58163	71.83420	
19.70177	67.62979	
19.82190	64.86733	
19.94203	66.27553	
20.06216	55.63117	
20.18230	52.33520	
20.30243	68.30612	
20.42256	71.29250	
20.54269	68.19506	
20.66283	64.34113	
20.78296	62.17685	
20.90309	61.81534	
21.02323	70.44636	
21.14336	71.14511	
21.26349	67.40176	
21.38362	65.60577	
21.50376	65.15202	
21.62389	56.04714	
21.74402	46.04307	
21.86415	41.55887	
21.98429	42.17697	
22.10442	39.71751	
22.22455	43.00468	
22.34468	51.56050	
22.46482	63.20942	
22.58495	77.30603	
22.70508	71.52558	
22.82522	63.22789	
22.94535	69.37022	
23.06548	77.03400	
23.18561	69.02039	
23.30575	58.87598	
23.42588	58.07920	
23.54601	59.80801	
23.66615	46.26485	
23.78628	52.50040	
23.90641	57.37041	
24.02654	54.16466	
24.14668	56.96107	
24.26681	50.05977	
24.38694	56.43185	
24.50707	56.32342	
24.62721	75.42989	
24.74734	97.04095	
24.86747	97.22660	
24.98760	77.36594	
25.10774	64.58353	
25.22787	60.45702	
25.34800	53.71328	
25.46814	50.76004	
25.58827	53.84678	
25.70840	49.86951	
25.82853	53.98651	
25.94867	45.72706	
26.06880	45.41351	
26.18893	37.72729	
26.30906	27.19083	
26.42920	29.47826	
26.54933	33.19386	
26.66946	36.43705	
26.78959	39.86388	
26.90973	47.62619	
27.02986	47.10832	
27.14999	46.71913	
27.27013	46.12842	
27.39026	57.65624	
27.51039	57.24098	
27.63052	61.77794	
27.75066	58.57160	
27.87079	51.80708	
27.99092	54.80013	
28.11106	58.33677	
28.23119	64.21715	
28.35132	65.30723	
28.47145	60.71668	
28.59159	55.82453	
28.71172	58.20321	
28.83185	60.07432	
28.95198	65.61770	
29.07212	74.11295	
29.19225	86.80400	
29.31238	89.22623	
29.43251	89.44853	
29.55265	85.32574	
29.67278	76.01941	
29.79291	65.77598	
29.91305	50.90740	
30.03318	42.88686	
30.15331	37.83651	
30.27344	32.28088	
30.39358	26.31067	
30.51371	28.70001	
30.63384	24.32355	
30.75397	23.29175	
30.87411	25.96201	
30.99424	29.00583	
31.11437	35.32450	
31.23451	40.21788	
31.35464	42.97781	
31.47477	40.44487	
31.59490	37.77266	
31.71504	36.69996	
31.83517	28.87887	
31.95530	22.65896	
32.07544	25.13836	
32.19557	21.77400	
32.31570	21.43293	
32.43583	21.67089	
32.55597	22.41669	
32.67610	23.32010	
32.79623	24.80849	
32.91636	23.31659	
33.03650	19.52277	
