0.00000	8.43226	
0.12013	12.24242	
0.24027	9.93114	
0.36040	12.34207	
0.48053	14.52062	
0.60066	17.19225	
0.72080	17.67042	
0.84093	9.75299	
0.96106	8.63560	
1.08119	10.42656	
1.20133	12.44956	
1.32146	11.65699	
1.44159	11.37567	
1.56173	15.30093	
1.68186	17.06864	
1.80199	15.80563	
1.92212	23.34190	
2.04226	21.92131	
2.16239	20.92561	
2.28252	20.32004	
2.40265	24.66876	
2.52279	20.57437	
2.64292	16.70956	
2.76305	15.62647	
2.88319	12.74547	
3.00332	16.27311	
3.12345	15.48093	
3.24358	15.62865	
3.36372	14.78083	
3.48385	12.31909	
3.60398	10.21179	
3.72411	9.34941	
3.84425	9.00454	
3.96438	8.41104	
4.08451	11.74105	
4.20465	14.87795	
4.32478	11.99289	
4.44491	10.90534	
4.56504	15.98160	
4.68518	20.64536	
4.80531	24.08794	
4.92544	13.39426	
5.04557	10.91420	
5.16571	13.72269	
5.28584	15.15916	
5.40597	14.41531	
5.52610	17.02216	
5.64624	22.86498	
5.76637	24.11333	
5.88650	18.95919	
6.00664	17.46008	
6.12677	14.52789	
6.24690	15.65833	
6.36703	18.87061	
6.48717	16.17317	
6.60730	21.82944	
6.72743	27.51242	
6.84756	18.62124	
6.96770	17.36462	
7.08783	23.42443	
7.20796	21.07484	
7.32810	18.10382	
7.44823	20.33412	
7.56836	28.52345	
7.68849	30.33720	
7.80863	29.01577	
7.92876	22.80470	
8.04889	26.34146	
8.16902	29.86728	
8.28916	28.13717	
8.40929	21.45446	
8.52942	23.19059	
8.64956	26.01010	
8.76969	25.96421	
8.88982	22.08393	
9.00995	30.99994	
9.13009	33.82334	
9.25022	31.24605	
9.37035	25.80123	
9.49048	30.27026	
9.61062	25.79995	
9.73075	26.12532	
9.85088	30.83934	
9.97101	29.42803	
10.09115	31.83446	
10.21128	27.41551	
10.33141	28.31915	
10.45155	29.11757	
10.57168	33.03928	
10.69181	29.29889	
10.81194	29.74597	
10.93208	32.59122	
11.05221	29.34737	
11.17234	30.64935	
11.29247	30.05075	
11.41261	28.24876	
11.53274	23.16615	
11.65287	23.62442	
11.77301	22.57978	
11.89314	25.07646	
12.01327	25.59379	
12.13340	28.69682	
12.25354	23.60355	
12.37367	28.05779	
12.49380	40.70112	
12.61394	54.79578	
12.73407	46.90123	
12.85420	37.57938	
12.97433	32.22795	
13.09447	34.56928	
13.21460	34.42791	
13.33473	41.21467	
13.45486	40.63522	
13.57500	35.63992	
13.69513	35.17315	
13.81526	37.73677	
13.93540	46.41107	
14.05553	46.33939	
14.17566	48.62830	
14.29579	42.50823	
14.41593	33.90597	
14.53606	34.82292	
14.65619	37.41969	
14.77632	39.01031	
14.89646	34.75821	
15.01659	36.95452	
15.13672	40.28606	
15.25686	33.87221	
15.37699	37.09382	
15.49712	36.72949	
15.61725	38.93550	
15.73739	38.18311	
15.85752	45.84833	
15.97765	43.52755	
16.09778	40.77515	
16.21792	36.06236	
16.33805	46.99343	
16.45818	49.07551	
16.57831	53.70354	
16.69845	33.88525	
16.81858	41.23037	
16.93871	53.13841	
17.05885	48.31454	
17.17898	41.50792	
17.29911	32.33865	
17.41924	36.10763	
17.53938	48.47438	
17.65951	46.59664	
17.77964	44.51892	
17.89977	44.79250	
18.01991	45.89275	
18.14004	42.74877	
18.26017	49.02184	
18.38031	54.86324	
18.50044	48.62641	
18.62057	54.63763	
18.74070	53.62231	
18.86084	43.76181	
18.98097	43.45861	
19.10110	48.90101	
19.22124	43.14924	
19.34137	34.85936	
19.46150	33.55037	
19.58163	35.08276	
19.70177	45.35977	
19.82190	36.62622	
19.94203	26.59232	
20.06216	26.49724	
20.18230	28.30552	
20.30243	37.54837	
20.42256	35.98819	
20.54269	29.36668	
20.66283	28.92610	
20.78296	33.90405	
20.90309	43.84083	
21.02323	49.38739	
21.14336	50.45895	
21.26349	48.53724	
21.38362	50.88272	
21.50376	50.83429	
21.62389	41.63657	
21.74402	46.68599	
21.86415	43.57219	
21.98429	36.79098	
22.10442	38.86418	
22.22455	47.94040	
22.34468	49.58317	
22.46482	48.87233	
22.58495	55.25811	
22.70508	47.06005	
22.82522	52.44851	
22.94535	52.05019	
23.06548	49.10620	
23.18561	45.76658	
23.30575	61.41253	
23.42588	52.44069	
23.54601	57.94956	
23.66615	58.36330	
23.78628	57.07426	
23.90641	52.67255	
24.02654	53.62082	
24.14668	40.09157	
24.26681	39.69244	
24.38694	46.31888	
24.50707	38.69899	
24.62721	36.27942	
24.74734	43.22252	
24.86747	42.25772	
24.98760	39.19324	
25.10774	31.70160	
25.22787	28.57389	
25.34800	33.35910	
25.46814	30.26359	
25.58827	32.15300	
25.70840	38.98235	
25.82853	42.62670	
25.94867	42.90752	
26.06880	33.14462	
26.18893	27.53830	
26.30906	33.25219	
26.42920	33.49754	
26.54933	25.32456	
26.66946	19.89425	
26.78959	16.65566	
26.90973	19.08869	
27.02986	21.34200	
27.14999	24.00442	
27.27013	24.72011	
27.39026	24.82294	
27.51039	36.59518	
27.63052	49.46065	
27.75066	43.24361	
27.87079	33.98600	
27.99092	31.88283	
28.11106	26.73363	
28.23119	26.82257	
28.35132	25.38452	
28.47145	24.17009	
28.59159	30.85284	
28.71172	33.23048	
28.83185	34.04012	
28.95198	30.11398	
29.07212	32.12947	
29.19225	32.14327	
29.31238	28.25936	
29.43251	39.94055	
29.55265	52.56541	
29.67278	65.39973	
29.79291	66.07652	
29.91305	53.46352	
30.03318	55.81772	
30.15331	56.60001	
30.27344	52.72463	
30.39358	47.16087	
30.51371	43.57209	
30.63384	46.51247	
30.75397	41.59420	
30.87411	41.64415	
30.99424	57.77766	
31.11437	57.50982	
31.23451	43.65297	
31.35464	37.72881	
31.47477	45.39155	
31.59490	52.09152	
31.71504	46.48394	
31.83517	37.95517	
31.95530	35.90426	
32.07544	29.92008	
32.19557	30.02122	
32.31570	34.70354	
32.43583	41.59805	
32.55597	36.02198	
32.67610	29.11693	
32.79623	30.44622	
32.91636	36.18871	
33.03650	40.50195	
33.15663	38.57322	
33.27676	40.31971	
33.39690	39.17908	
33.51703	34.52379	
33.63716	32.44172	
33.75729	33.67675	
33.87743	43.34381	
33.99756	40.76989	
34.11769	39.63323	
34.23782	43.02363	
34.35796	38.15365	
34.47809	37.54375	
34.59822	42.35342	
34.71835	48.27656	
34.83849	42.11284	
34.95862	36.85445	
35.07875	30.97618	
35.19889	29.27661	
35.31902	37.10191	
35.43915	42.39563	
35.55928	42.46004	
35.67942	40.08407	
35.79955	40.94632	
35.91968	42.27559	
36.03981	41.73928	
36.15995	38.04418	
36.28008	31.88757	
36.40021	27.53727	
36.52034	29.96148	
36.64048	32.43091	
36.76061	38.01727	
36.88074	49.55178	
37.00088	56.17033	
37.12101	50.76342	
37.24114	44.80473	
37.36127	47.49895	
37.48141	57.67174	
37.60154	51.57899	
37.72167	48.76660	
37.84180	48.87206	
37.96194	45.31671	
38.08207	37.61296	
38.20220	31.56038	
38.32233	30.70259	
38.44247	32.97159	
38.56260	33.02245	
38.68274	24.61356	
38.80287	23.67002	
38.92300	25.20208	
39.04313	19.98342	
39.16327	14.05098	
39.28340	18.41619	
39.40353	25.88476	
39.52366	22.89108	
39.64380	18.34983	
