0.00000	2.47452	
0.09065	4.03841	
0.18130	3.28322	
0.27195	2.11958	
0.36260	2.90800	
0.45325	3.98822	
0.54390	4.51234	
0.63455	8.03813	
0.72520	5.79445	
0.81585	4.83478	
0.90650	6.69491	
0.99715	6.68497	
1.08780	6.26765	
1.17845	8.62456	
1.26910	10.22092	
1.35975	7.79288	
1.45039	9.79068	
1.54104	7.84856	
1.63169	4.46245	
1.72234	7.24346	
1.81299	11.87180	
1.90364	14.89575	
1.99429	11.21976	
2.08494	6.53533	
2.17559	5.34289	
2.26624	6.73320	
2.35689	10.13872	
2.44754	10.53378	
2.53819	12.88631	
2.62884	11.58667	
2.71949	13.63733	
2.81014	19.29238	
2.90079	25.51354	
2.99144	27.60958	
3.08209	26.27429	
3.17274	25.27969	
3.26339	23.56625	
3.35404	23.79289	
3.44469	20.16559	
3.53534	15.97664	
3.62599	13.20696	
3.71664	14.42962	
3.80729	15.10769	
3.89794	12.43808	
3.98859	13.10353	
4.07924	16.58095	
4.16988	18.68540	
4.26053	19.15620	
4.35118	17.09461	
4.44183	16.28092	
4.53248	13.56967	
4.62313	10.54136	
4.71378	12.43863	
4.80443	15.77748	
4.89508	16.86412	
4.98573	15.70303	
5.07638	13.65403	
5.16703	17.21349	
5.25768	16.19236	
5.34833	16.16863	
5.43898	21.08249	
5.52963	24.47942	
5.62028	26.12053	
5.71093	21.92494	
5.80158	23.05291	
5.89223	27.58617	
5.98288	26.46485	
6.07353	34.49286	
6.16418	32.62238	
6.25483	39.35520	
6.34548	37.06853	
6.43613	39.94511	
6.52678	30.50645	
6.61743	24.59966	
6.70808	23.52905	
6.79873	29.31974	
6.88937	24.70722	
6.98002	27.57728	
7.07067	27.12206	
7.16132	24.86306	
7.25197	26.34622	
7.34262	29.25771	
7.43327	30.44276	
7.52392	29.82268	
7.61457	35.65398	
7.70522	45.48925	
7.79587	55.23787	
7.88652	47.41277	
7.97717	49.34831	
8.06782	38.32125	
8.15847	42.70816	
8.24912	35.93739	
8.33977	32.08727	
8.43042	31.79386	
8.52107	37.85658	
8.61172	39.64803	
8.70237	36.54205	
8.79302	33.89155	
8.88367	26.88318	
8.97432	32.85761	
9.06497	27.73802	
9.15562	30.23530	
9.24627	30.70285	
9.33692	34.55163	
9.42757	32.15866	
9.51822	28.67547	
9.60886	24.40461	
9.69951	24.44676	
9.79016	24.89656	
9.88081	26.20267	
9.97146	31.39844	
10.06211	35.51658	
10.15276	34.46405	
10.24341	34.73172	
10.33406	35.04319	
10.42471	35.72506	
10.51536	33.86633	
10.60601	33.43916	
10.69666	33.82977	
10.78731	31.74730	
10.87796	29.30935	
10.96861	29.79833	
11.05926	31.95592	
11.14991	34.73571	
11.24056	37.11588	
11.33121	32.69165	
11.42186	33.15148	
11.51251	30.54858	
11.60316	27.72337	
11.69381	32.11021	
11.78446	33.46950	
11.87511	32.30532	
11.96576	39.55688	
12.05641	38.42310	
12.14706	39.75820	
12.23771	44.04070	
12.32835	44.52491	
12.41900	46.09065	
12.50965	43.18562	
12.60030	39.80302	
12.69095	36.55536	
12.78160	32.56324	
12.87225	31.53038	
12.96290	35.96733	
13.05355	34.84342	
13.14420	30.10328	
13.23485	28.38885	
13.32550	27.58921	
13.41615	31.70639	
13.50680	35.66832	
13.59745	37.69016	
13.68810	42.39404	
13.77875	44.63647	
13.86940	43.15484	
13.96005	44.06359	
14.05070	39.84039	
14.14135	38.71871	
14.23200	36.83486	
14.32265	38.38197	
14.41330	39.88422	
14.50395	38.82673	
14.59460	38.69999	
14.68525	43.11958	
14.77590	39.35541	
14.86655	37.75977	
14.95720	38.73202	
15.04784	35.30671	
15.13849	31.35163	
15.22914	32.10281	
15.31979	34.73882	
15.41044	38.73171	
15.50109	40.45312	
15.59174	43.49887	
15.68239	50.06934	
15.77304	53.85043	
15.86369	58.52812	
15.95434	51.09959	
16.04499	50.23301	
16.13564	50.09617	
16.22629	44.93431	
16.31694	50.28012	
16.40759	49.49683	
16.49824	55.48795	
16.58889	59.18035	
16.67954	57.96499	
16.77019	47.03308	
16.86084	43.45064	
16.95149	41.94472	
17.04214	39.42594	
17.13279	38.07863	
17.22344	38.94004	
17.31409	38.34148	
17.40474	37.62524	
17.49539	41.17300	
17.58603	36.63934	
17.67669	35.94971	
17.76733	33.86700	
17.85798	31.54700	
17.94864	31.47933	
18.03928	37.19649	
18.12993	36.33040	
18.22058	32.01260	
18.31123	27.43763	
18.40188	29.04876	
18.49253	38.12661	
18.58318	46.31458	
18.67383	45.06334	
18.76448	40.65444	
18.85513	43.81975	
18.94578	43.00690	
19.03643	48.29668	
19.12708	51.10163	
19.21773	42.07730	
19.30838	34.97577	
19.39903	38.28850	
19.48968	43.93731	
19.58033	38.42922	
19.67098	48.95432	
19.76163	49.98384	
19.85228	54.37559	
19.94293	52.95697	
20.03358	50.71686	
20.12423	49.52519	
20.21488	50.32243	
20.30552	52.77195	
20.39618	50.87239	
20.48682	48.26470	
20.57747	48.04303	
20.66813	54.02447	
20.75877	54.44975	
20.84942	56.64631	
20.94007	53.83788	
21.03072	58.24709	
21.12137	59.92688	
21.21202	56.32659	
21.30267	52.77264	
21.39332	54.90173	
21.48397	47.66643	
21.57462	52.67138	
21.66527	60.78983	
21.75592	67.95864	
21.84657	71.23392	
21.93722	62.46078	
22.02787	53.36917	
22.11852	53.34062	
22.20917	48.57457	
22.29982	51.01859	
22.39047	51.49852	
22.48112	49.12742	
22.57177	43.47650	
22.66242	41.63955	
22.75307	35.90598	
22.84372	35.04630	
22.93437	45.42618	
23.02501	48.46349	
23.11567	50.47363	
23.20631	33.61090	
23.29696	38.96822	
23.38762	35.11528	
23.47826	41.63060	
23.56891	49.44171	
23.65956	41.85635	
23.75021	46.23178	
23.84086	48.57834	
23.93151	42.09521	
24.02216	47.83635	
24.11281	43.90138	
24.20346	38.84814	
24.29411	31.85885	
24.38476	30.72172	
24.47541	29.38221	
24.56606	26.54184	
24.65671	23.77177	
24.74736	25.25386	
24.83801	30.62744	
24.92866	31.58883	
25.01931	31.72774	
25.10996	34.28027	
25.20061	34.25396	
25.29126	33.62859	
25.38191	31.34441	
25.47256	32.26008	
25.56321	29.14297	
25.65386	25.60310	
25.74450	25.24413	
25.83516	24.83730	
25.92580	28.64617	
26.01645	28.44655	
26.10711	30.07950	
26.19775	34.28798	
26.28840	45.37072	
26.37905	41.11919	
26.46970	37.45233	
26.56035	30.28533	
26.65100	35.58144	
26.74165	36.48409	
26.83230	35.74931	
26.92295	41.57059	
27.01360	40.84722	
27.10425	45.24595	
27.19490	43.23920	
27.28555	47.26436	
27.37620	49.76635	
27.46685	53.33908	
27.55750	56.46236	
27.64815	61.24664	
27.73880	63.38988	
27.82945	58.34796	
27.92010	57.35723	
28.01075	60.90199	
28.10140	68.04266	
28.19205	58.76255	
28.28270	54.49331	
28.37335	61.18050	
28.46399	60.76006	
28.55465	56.94712	
28.64529	57.62730	
28.73594	47.28473	
28.82660	48.81116	
28.91724	58.18906	
29.00789	60.56616	
29.09854	56.32784	
29.18919	48.22787	
29.27984	45.61547	
29.37049	46.38150	
29.46114	41.02670	
29.55179	44.56924	
29.64244	40.06625	
29.73309	39.75396	
29.82374	35.70639	
29.91439	37.07607	
30.00504	37.70205	
30.09569	43.87141	
30.18634	41.90745	
30.27699	43.71524	
30.36764	43.81646	
30.45829	45.41919	
30.54894	46.02688	
30.63959	47.04417	
30.73024	54.49978	
30.82089	60.51824	
30.91154	62.59560	
31.00219	54.62023	
31.09284	56.47507	
31.18349	51.23491	
31.27414	49.43132	
31.36478	44.40997	
31.45543	44.64746	
31.54609	40.84174	
31.63673	40.77288	
31.72738	35.76570	
31.81803	34.22778	
31.90868	33.89884	
31.99933	29.43957	
32.08998	40.55766	
32.18063	32.75898	
32.27128	32.30204	
32.36193	31.19044	
32.45258	32.78123	
32.54323	30.12945	
32.63388	27.17420	
32.72453	30.66639	
32.81518	30.53466	
32.90583	35.26171	
32.99648	29.17006	
33.08713	22.14126	
33.17778	21.34245	
33.26843	23.83744	
33.35908	26.59097	
33.44973	27.77829	
33.54038	35.90274	
33.63103	41.38057	
33.72168	40.12462	
33.81232	44.18827	
33.90298	36.04902	
33.99363	29.96577	
34.08427	27.04086	
34.17492	27.52188	
34.26558	22.46217	
34.35622	28.90454	
34.44687	29.16197	
34.53753	30.64329	
34.62817	34.47409	
34.71882	28.54885	
34.80947	28.48214	
34.90012	23.92874	
34.99077	22.28003	
35.08142	27.03590	
35.17207	27.22272	
35.26272	31.49005	
35.35337	27.80802	
35.44402	34.39943	
35.53467	29.60373	
35.62532	26.59978	
35.71597	21.26646	
35.80662	16.24513	
