0.00000	5.78657	
0.04505	5.05298	
0.09010	6.33192	
0.13515	5.03816	
0.18020	6.07101	
0.22525	6.38176	
0.27030	4.70919	
0.31535	5.71917	
0.36040	5.77203	
0.40545	6.66286	
0.45050	5.30480	
0.49555	4.60124	
0.54060	4.47571	
0.58565	3.49430	
0.63070	3.75580	
0.67575	4.60427	
0.72080	3.22458	
0.76585	5.65745	
0.81090	5.91238	
0.85595	5.99188	
0.90100	8.79889	
0.94604	10.49007	
0.99109	6.28787	
1.03614	4.97906	
1.08119	5.52982	
1.12624	5.95955	
1.17129	6.37185	
1.21634	3.95843	
1.26139	5.63529	
1.30644	5.07681	
1.35149	5.94491	
1.39654	4.30446	
1.44159	5.68603	
1.48664	7.12448	
1.53169	7.63596	
1.57674	6.17566	
1.62179	6.43037	
1.66684	5.07330	
1.71189	5.10829	
1.75694	5.32693	
1.80199	4.11580	
1.84704	5.63856	
1.89209	5.96111	
1.93714	6.84579	
1.98219	5.54408	
2.02724	6.55101	
2.07229	5.32413	
2.11734	5.39306	
2.16239	7.38269	
2.20744	6.77578	
2.25249	7.98530	
2.29754	5.75260	
2.34259	5.74807	
2.38764	3.90129	
2.43269	4.27311	
2.47774	6.11526	
2.52279	5.91341	
2.56784	5.28880	
2.61289	6.22062	
2.65794	5.86531	
2.70299	4.08096	
2.74804	4.91134	
2.79308	4.82587	
2.83813	6.41369	
2.88318	5.02659	
2.92823	6.29654	
2.97328	6.25099	
3.01833	6.70946	
3.06338	6.79686	
3.10843	4.32611	
3.15348	4.40174	
3.19853	5.84888	
3.24358	6.55132	
3.28863	6.78778	
3.33368	6.23637	
3.37873	5.83063	
3.42378	6.58597	
3.46883	9.55964	
3.51388	8.24342	
3.55893	7.29504	
3.60398	5.19971	
3.64903	6.74668	
3.69408	8.13953	
3.73913	8.56712	
3.78418	8.72012	
3.82923	9.42099	
3.87428	9.00304	
3.91933	8.28467	
3.96438	6.57561	
4.00943	7.11354	
4.05448	7.17599	
4.09953	10.05790	
4.14458	10.08531	
4.18963	6.73844	
4.23468	5.42861	
4.27973	6.56689	
4.32478	7.19747	
4.36983	7.46081	
4.41488	8.31460	
4.45993	8.04194	
4.50498	8.07970	
4.55003	11.12408	
4.59508	11.81816	
4.64012	13.00507	
4.68517	14.45164	
4.73022	14.31425	
4.77527	13.32062	
4.82032	15.56403	
4.86537	14.54280	
4.91042	13.24027	
4.95547	10.73228	
5.00052	13.68687	
5.04557	12.81273	
5.09062	14.23436	
5.13567	15.48905	
5.18072	15.86925	
5.22577	20.75659	
5.27082	20.23190	
5.31587	19.12683	
5.36092	13.90004	
5.40597	14.60840	
5.45102	14.39560	
5.49607	13.01776	
5.54112	11.35617	
5.58617	9.90908	
5.63122	9.32105	
5.67627	9.87682	
5.72132	8.84729	
5.76637	9.52040	
5.81142	11.10285	
5.85647	7.43475	
5.90152	9.19223	
5.94657	12.03857	
5.99162	15.15320	
6.03667	13.20046	
6.08172	14.18437	
6.12677	11.92432	
6.17182	11.12420	
6.21687	10.84697	
6.26192	11.55006	
6.30697	10.45228	
6.35202	10.26970	
6.39707	10.86956	
6.44212	13.50394	
6.48716	13.37123	
6.53221	12.94475	
6.57726	13.60146	
6.62231	14.17947	
6.66736	12.39269	
6.71241	10.68593	
6.75746	14.63959	
6.80251	11.28799	
6.84756	11.60877	
6.89261	13.48704	
6.93766	11.92799	
6.98271	14.83802	
7.02776	13.65721	
7.07281	13.02774	
7.11786	14.21888	
7.16291	13.92374	
7.20796	12.88515	
7.25301	13.72025	
7.29806	15.34984	
7.34311	17.22235	
7.38816	16.43151	
7.43321	13.29415	
7.47826	13.44789	
7.52331	12.81875	
7.56836	12.68279	
7.61341	12.76548	
7.65846	11.47526	
7.70351	10.10800	
7.74856	10.37878	
7.79361	12.40639	
7.83866	10.37255	
7.88371	12.48886	
7.92876	9.70814	
7.97381	11.76618	
8.01886	13.28858	
8.06391	11.64705	
8.10896	14.18703	
8.15401	16.50140	
8.19906	17.04084	
8.24411	18.05759	
8.28916	19.93291	
8.33420	14.81551	
8.37925	17.87260	
8.42430	15.63179	
8.46935	17.04749	
8.51440	10.81411	
8.55945	9.40833	
8.60450	8.95558	
8.64955	9.77852	
8.69460	9.59941	
8.73965	10.43365	
8.78470	10.85189	
8.82975	9.41993	
8.87480	10.35157	
8.91985	10.14199	
8.96490	10.67877	
9.00995	10.73129	
9.05500	10.75155	
9.10005	11.91652	
9.14510	9.80136	
9.19015	11.88404	
9.23520	13.36753	
9.28025	16.21107	
9.32530	15.94585	
9.37035	15.39149	
9.41540	15.53703	
9.46045	17.86346	
9.50550	20.36449	
9.55055	19.73010	
9.59560	22.72109	
9.64065	19.36784	
9.68570	19.96200	
9.73075	19.39558	
9.77580	20.44787	
9.82085	22.33161	
9.86590	19.65956	
9.91095	19.09803	
9.95600	21.76669	
10.00105	19.67381	
10.04610	17.74320	
10.09115	19.37261	
10.13620	22.33292	
10.18124	19.23774	
10.22629	17.22102	
10.27134	17.31364	
10.31639	17.19522	
10.36144	16.87588	
10.40649	13.72894	
10.45154	13.13590	
10.49659	12.15797	
10.54164	13.94737	
10.58669	14.21493	
10.63174	16.63127	
10.67679	14.81415	
10.72184	14.78883	
10.76689	14.89609	
10.81194	17.67013	
10.85699	21.82909	
10.90204	22.28901	
10.94709	25.17805	
10.99214	24.77696	
11.03719	19.07204	
11.08224	17.97985	
11.12729	23.46726	
11.17234	25.39116	
11.21739	23.71611	
11.26244	21.61258	
11.30749	22.71795	
11.35254	21.66405	
11.39759	21.11062	
11.44264	19.89812	
11.48769	21.15345	
11.53274	15.68136	
11.57779	16.19841	
11.62284	19.18698	
11.66789	20.73381	
11.71294	20.12168	
11.75799	19.03440	
11.80304	19.51655	
11.84809	23.09725	
11.89314	24.12559	
11.93819	24.88448	
11.98324	24.34430	
12.02829	22.62720	
12.07333	26.40768	
12.11838	29.81537	
12.16343	25.72613	
12.20848	24.34424	
12.25353	26.66603	
12.29858	27.69258	
12.34363	27.29608	
12.38868	27.34214	
12.43373	23.43336	
12.47878	21.44665	
12.52383	24.75136	
12.56888	28.19457	
12.61393	27.76474	
12.65898	29.03573	
12.70403	23.45185	
12.74908	25.77123	
12.79413	23.98622	
12.83918	19.68945	
12.88423	20.58214	
12.92928	22.35464	
12.97433	22.15110	
13.01938	23.90537	
13.06443	26.12936	
13.10948	25.92658	
13.15453	24.95798	
13.19958	20.68443	
13.24463	21.73278	
13.28968	18.96674	
13.33473	20.47871	
13.37978	20.84196	
13.42483	21.43292	
13.46988	21.54295	
13.51493	19.74113	
13.55998	17.88737	
13.60503	24.09001	
13.65008	24.90987	
13.69513	24.14904	
13.74018	22.65071	
13.78522	23.58610	
13.83027	25.69043	
13.87533	23.12416	
13.92037	20.58837	
13.96542	21.69746	
14.01047	21.74763	
14.05552	22.59378	
14.10057	21.66353	
14.14562	23.86417	
14.19067	24.84307	
14.23572	26.83400	
14.28077	23.51938	
14.32582	23.95232	
14.37087	25.94485	
14.41592	27.01962	
14.46097	22.28384	
14.50602	24.99205	
14.55107	25.41157	
14.59612	22.80903	
14.64117	26.70490	
14.68622	26.53008	
14.73127	25.08496	
14.77632	27.07814	
14.82137	28.51959	
14.86642	30.97403	
14.91147	33.81795	
14.95652	35.21111	
15.00157	29.85434	
15.04662	29.56132	
15.09167	30.40608	
15.13672	36.13775	
15.18177	32.41248	
15.22682	32.07838	
15.27187	31.07871	
15.31692	30.85845	
15.36197	23.71795	
15.40702	21.69958	
15.45207	25.23418	
15.49712	29.50406	
15.54217	30.84863	
15.58722	31.32551	
15.63227	29.62691	
15.67731	26.88818	
15.72236	23.64773	
15.76741	22.94201	
15.81246	18.63693	
15.85751	18.95441	
15.90256	19.37730	
15.94761	23.01213	
15.99266	20.66591	
16.03771	18.18302	
16.08276	17.06208	
16.12781	25.17136	
16.17286	25.32561	
16.21791	25.65994	
16.26296	26.21626	
16.30801	22.05676	
16.35306	23.85573	
16.39811	22.73393	
16.44316	23.07203	
16.48821	23.29704	
16.53326	22.24300	
16.57831	25.49557	
16.62336	27.66376	
16.66841	26.68076	
16.71346	28.01888	
16.75851	37.59970	
16.80356	33.49279	
16.84861	37.89833	
16.89366	34.49836	
16.93871	30.59973	
16.98376	27.17946	
17.02881	27.55198	
17.07386	27.79661	
17.11891	26.52560	
17.16396	26.20387	
17.20901	29.37477	
17.25406	33.03186	
17.29911	29.92066	
17.34416	31.33603	
17.38921	36.50752	
17.43426	33.79224	
17.47931	32.25754	
17.52435	29.86581	
17.56940	33.73855	
17.61445	36.36444	
17.65950	34.33282	
17.70455	32.30356	
17.74960	29.95620	
17.79465	31.29348	
17.83970	30.18743	
17.88475	31.20195	
17.92980	33.72517	
17.97485	29.08606	
18.01990	28.23214	
18.06495	28.62348	
18.11000	26.76825	
18.15505	25.53417	
18.20010	24.32666	
18.24515	25.50959	
18.29020	27.45220	
18.33525	24.44443	
18.38030	22.93351	
18.42535	26.27395	
18.47040	29.31322	
18.51545	26.79758	
18.56050	30.98654	
18.60555	31.89153	
18.65060	28.28604	
18.69565	31.23945	
18.74070	31.73899	
18.78575	28.55322	
18.83080	33.57800	
18.87585	31.38178	
18.92090	32.24538	
18.96595	28.52847	
19.01100	33.08714	
19.05605	31.62977	
19.10110	33.93837	
19.14615	38.51100	
19.19120	38.12775	
19.23625	36.52528	
19.28130	37.43874	
19.32635	35.18951	
19.37140	30.92309	
19.41644	25.87281	
19.46149	28.75532	
19.50654	27.26974	
19.55159	29.91434	
19.59664	26.47006	
19.64169	26.72306	
19.68674	30.66732	
19.73179	32.23190	
19.77684	33.72219	
19.82189	34.22484	
19.86694	28.46750	
19.91199	31.39191	
19.95704	36.18719	
20.00209	34.62631	
20.04714	35.74249	
20.09219	27.25371	
20.13724	29.22919	
20.18229	30.10891	
20.22734	25.32904	
20.27239	28.56824	
20.31744	30.10880	
20.36249	29.99938	
20.40754	31.57386	
20.45259	37.84937	
20.49764	34.95719	
20.54269	36.24038	
20.58774	38.53595	
20.63279	37.44354	
20.67784	39.28745	
20.72289	40.30233	
20.76794	37.90927	
20.81299	40.46880	
20.85804	37.80991	
20.90309	39.59532	
20.94814	36.01523	
20.99319	32.92402	
21.03824	33.45936	
21.08329	30.03057	
21.12834	25.85399	
21.17339	29.18641	
21.21844	24.25551	
21.26348	28.19273	
21.30853	26.56048	
21.35358	25.60110	
21.39863	21.77569	
21.44368	22.08742	
21.48873	23.18347	
21.53378	25.46296	
21.57883	28.22536	
21.62388	26.09387	
21.66893	25.81190	
21.71398	24.77239	
21.75903	27.64747	
21.80408	23.46195	
21.84913	29.04474	
21.89418	27.10604	
21.93923	26.69217	
21.98428	30.23518	
22.02933	28.85431	
22.07438	28.33395	
22.11943	28.09630	
22.16448	27.46765	
22.20953	30.76861	
22.25458	30.66631	
22.29963	30.69646	
22.34468	30.94667	
22.38973	29.15520	
22.43478	27.59882	
22.47983	33.05487	
22.52488	38.66448	
22.56993	36.05640	
22.61498	33.30005	
22.66003	35.15039	
22.70508	35.96016	
22.75013	36.84584	
22.79518	34.18753	
22.84023	31.52633	
22.88528	32.38288	
22.93033	27.74966	
22.97538	27.45120	
23.02043	25.55546	
23.06548	25.42967	
23.11053	25.38386	
23.15557	24.45400	
23.20062	23.38925	
23.24567	20.76212	
23.29072	22.64093	
23.33577	23.37852	
23.38082	22.09807	
23.42587	21.17022	
23.47092	21.38005	
23.51597	22.03424	
23.56102	23.75771	
23.60607	22.00587	
23.65112	21.57091	
23.69617	21.50128	
23.74122	21.05897	
23.78627	24.07873	
23.83132	24.03275	
23.87637	27.10189	
23.92142	22.23339	
23.96647	23.54281	
24.01152	27.06015	
24.05657	20.08583	
24.10162	25.22149	
24.14667	24.35936	
24.19172	22.31100	
24.23677	21.70616	
24.28182	22.07155	
24.32687	21.55644	
24.37192	21.76033	
24.41697	22.75880	
24.46202	19.35440	
24.50707	20.63202	
24.55212	23.04374	
24.59717	24.06462	
24.64222	18.69139	
24.68727	18.20782	
24.73232	21.77570	
24.77737	14.96408	
24.82242	16.99170	
24.86747	20.75135	
24.91252	16.36343	
24.95757	15.15786	
25.00261	16.77595	
25.04766	16.19072	
25.09271	17.60806	
25.13776	16.13151	
25.18281	17.32212	
25.22786	16.24101	
25.27291	15.07924	
25.31796	15.47295	
25.36301	17.02391	
25.40806	18.25700	
25.45311	16.69787	
25.49816	17.44917	
25.54321	16.95841	
25.58826	17.32195	
25.63331	21.76763	
25.67836	20.66980	
25.72341	19.59988	
25.76846	24.64266	
25.81351	21.20719	
25.85856	21.89668	
25.90361	20.37311	
25.94866	19.35709	
25.99371	19.60443	
26.03876	24.06344	
26.08381	19.85670	
26.12886	16.97709	
26.17391	18.39622	
26.21896	23.92274	
26.26401	17.04065	
26.30906	24.34843	
26.35411	19.79391	
26.39916	21.35001	
26.44421	21.13583	
26.48926	16.37101	
26.53431	15.23986	
26.57936	20.47870	
26.62440	19.06470	
26.66945	21.88678	
26.71451	20.47363	
26.75956	23.58256	
26.80461	23.03643	
26.84966	24.09954	
26.89470	23.15139	
26.93975	22.62323	
26.98480	28.46125	
27.02985	19.86497	
27.07490	23.39967	
27.11995	24.90369	
27.16500	20.86767	
27.21005	21.60045	
27.25510	20.42524	
27.30015	23.01444	
27.34520	25.12876	
27.39025	18.55865	
27.43530	23.77852	
27.48035	24.19311	
27.52540	21.12772	
27.57045	22.08211	
27.61550	22.74319	
27.66055	23.57131	
27.70560	22.53969	
27.75065	19.77978	
27.79570	20.92970	
27.84075	17.74358	
27.88580	19.74004	
27.93085	23.57301	
27.97590	25.70675	
28.02095	24.13648	
28.06600	26.83427	
28.11105	27.79121	
28.15610	28.42739	
28.20115	27.65880	
28.24620	27.01506	
28.29125	24.94316	
28.33630	21.28805	
28.38135	23.75020	
28.42640	21.83534	
28.47145	26.57000	
28.51649	23.72112	
28.56154	22.19584	
28.60659	26.69260	
28.65165	25.75070	
28.69670	24.00307	
28.74174	22.59318	
28.78679	26.41774	
28.83184	28.34590	
28.87689	28.04857	
28.92194	32.22061	
28.96699	32.00654	
29.01204	31.36277	
29.05709	31.60920	
29.10214	27.03731	
29.14719	28.57373	
29.19224	31.21760	
29.23729	31.86083	
29.28234	34.31537	
29.32739	27.29932	
29.37244	28.86119	
29.41749	30.87210	
29.46254	29.10921	
29.50759	32.28117	
29.55264	35.90926	
29.59769	35.12682	
29.64274	32.95938	
29.68779	31.42806	
29.73284	39.28000	
29.77789	36.53508	
29.82294	32.09134	
29.86799	34.49717	
29.91304	29.19273	
29.95809	23.80579	
30.00314	24.63630	
30.04819	26.34192	
30.09324	32.13101	
30.13829	23.46619	
30.18334	27.52406	
30.22839	28.82659	
30.27344	23.95926	
30.31849	26.50639	
30.36353	26.93769	
30.40858	24.01934	
30.45363	26.20041	
30.49868	28.19567	
30.54373	25.29957	
30.58879	23.90031	
30.63383	24.11882	
30.67888	23.77928	
30.72393	27.88866	
30.76898	29.56339	
30.81403	27.75312	
30.85908	24.78496	
30.90413	21.08215	
30.94918	26.98628	
30.99423	25.22077	
31.03928	24.63934	
31.08433	25.60798	
31.12938	26.26143	
31.17443	27.22606	
31.21948	26.21438	
31.26453	26.77304	
31.30958	25.03262	
31.35463	20.35164	
31.39968	22.01508	
31.44473	22.92776	
31.48978	22.57471	
31.53483	20.61671	
31.57988	21.68435	
31.62493	22.75338	
31.66998	19.97121	
31.71503	19.57196	
31.76008	16.73025	
31.80513	21.86910	
31.85018	18.48990	
31.89523	18.26608	
31.94028	23.46594	
31.98533	27.77069	
32.03038	26.79980	
32.07543	26.31203	
32.12048	26.55729	
32.16553	24.56378	
32.21058	28.54532	
32.25563	26.36320	
32.30067	26.55370	
32.34573	29.11345	
32.39077	31.68656	
32.43583	34.88123	
32.48087	42.00210	
32.52592	40.77598	
32.57097	37.06480	
32.61602	34.61287	
32.66107	34.43878	
32.70612	32.13203	
32.75117	34.95747	
32.79622	28.59864	
32.84127	24.08362	
32.88632	24.72711	
32.93137	28.97520	
32.97642	27.45106	
33.02147	29.39515	
33.06652	25.12380	
33.11157	27.05746	
33.15662	28.08838	
33.20167	24.49928	
33.24672	22.45695	
33.29177	26.52085	
33.33682	24.14432	
33.38187	23.26508	
33.42692	28.69703	
33.47197	30.48068	
33.51702	24.54789	
33.56207	34.20153	
33.60712	34.91945	
33.65217	29.94016	
33.69722	28.20944	
33.74227	28.52500	
33.78732	25.39832	
33.83237	30.38742	
33.87741	27.04054	
33.92247	27.19029	
33.96751	25.71107	
34.01257	25.46725	
34.05762	27.65365	
34.10266	27.50647	
34.14772	24.09447	
34.19276	26.20839	
34.23782	30.05573	
34.28286	28.25312	
34.32792	25.65461	
34.37296	26.51148	
34.41801	29.05543	
34.46306	26.91894	
34.50811	27.36580	
34.55316	27.66560	
34.59821	31.95027	
34.64326	29.28627	
34.68831	26.82092	
34.73336	29.03236	
34.77841	27.15302	
34.82346	26.39413	
34.86851	27.43307	
34.91356	25.12285	
34.95861	22.84453	
35.00366	27.52904	
35.04871	24.65797	
35.09376	21.61139	
35.13881	18.63519	
35.18386	18.90323	
35.22891	23.15236	
35.27396	23.07043	
35.31901	21.51044	
35.36406	20.71717	
35.40911	20.56092	
35.45416	17.40507	
35.49921	20.07824	
35.54426	25.81232	
35.58931	26.89604	
35.63436	24.96947	
35.67941	24.25279	
35.72446	22.84860	
35.76950	22.93468	
35.81456	20.04224	
35.85960	17.40283	
35.90466	20.66237	
35.94971	22.76319	
35.99475	20.85174	
36.03981	17.85012	
36.08485	18.09409	
36.12991	16.05086	
36.17495	15.62366	
36.22001	17.89352	
36.26505	16.97879	
36.31010	19.45960	
36.35515	21.40920	
36.40020	22.03542	
36.44525	22.56963	
36.49030	21.34226	
36.53535	24.20572	
36.58040	24.48263	
36.62545	21.71992	
36.67050	20.48136	
36.71555	25.56797	
36.76060	22.45767	
36.80565	23.79032	
36.85070	23.55890	
36.89575	24.15900	
36.94080	23.39589	
36.98585	22.24144	
37.03090	24.54169	
37.07595	24.04562	
37.12100	22.40606	
37.16605	20.16050	
37.21110	21.56328	
37.25615	25.42038	
37.30120	25.09550	
37.34625	26.01451	
37.39130	27.31597	
37.43635	28.03900	
37.48140	28.48103	
37.52645	27.82582	
37.57150	29.13901	
37.61655	28.46424	
37.66159	27.59197	
37.70665	26.28480	
37.75169	27.30744	
37.79675	26.17217	
37.84179	24.30964	
37.88684	21.01344	
37.93190	20.33292	
37.97694	18.30968	
38.02200	16.57494	
38.06704	16.90043	
38.11209	17.55329	
38.15714	17.25105	
38.20219	16.64603	
38.24724	16.95792	
38.29229	19.26467	
38.33734	20.81268	
38.38239	19.98771	
38.42744	21.25842	
38.47249	22.18370	
38.51754	22.09929	
38.56259	14.85344	
38.60764	20.00351	
38.65269	16.82048	
38.69774	15.21767	
38.74279	14.70269	
38.78784	15.62460	
38.83289	13.77929	
38.87794	17.17694	
38.92299	17.24885	
38.96804	16.29309	
39.01309	17.22436	
39.05814	15.33196	
39.10319	16.52042	
39.14824	17.11358	
39.19329	14.81931	
39.23834	16.67664	
39.28339	13.47942	
39.32844	14.58954	
39.37349	14.02292	
39.41854	12.32526	
39.46358	12.76192	
39.50864	11.72233	
39.55368	12.95220	
39.59874	13.65298	
39.64378	12.73536	
39.68884	12.56831	
