 channel 1
input files:
  ./input/20130321c1.txt
  ./input/20130321c2.txt
  ./input/20130321c3.txt
  ./input/20130321c4.txt
  ./input/20130321c6.txt
  ./input/20130321c7.txt
  ./input/20130322c1.txt
  ./input/20130322c2.txt
  ./input/20130322c3.txt
  ./input/20130604c3.txt
  ./input/20130605c5.txt
  ./input/20130807c2.txt
  ./input/20130807c3.txt
  ./input/20130808c3.txt
  ./input/20131010c1.txt
  ./input/20131010c2.txt
  ./input/20131010c3.txt
Processing history:
  rawdata
  smooth[10]
  normalise Y
  normalise X
  interpolation at 25 pts
  average
##########################################################
    length	      mean	     stdev	       sem
0.01000000	0.06645379	0.04448114	0.01078826
1.49418826	0.13053166	0.06442763	0.01562600
2.97837652	0.21872091	0.10072041	0.02442829
4.46256478	0.31889668	0.16788258	0.04071751
5.94675304	0.34308671	0.10850656	0.02631671
7.43094130	0.37372164	0.13048229	0.03164660
8.91512956	0.39600314	0.13451519	0.03262473
10.39931782	0.46278377	0.12384957	0.03003793
11.88350608	0.52861048	0.14670493	0.03558117
13.36769434	0.60405638	0.15889034	0.03853657
14.85188260	0.64126013	0.15501598	0.03759690
16.33607086	0.69861209	0.14869361	0.03606350
17.82025912	0.66340986	0.09148440	0.02218823
19.30444738	0.72044742	0.10452456	0.02535093
20.78863564	0.78344821	0.12369873	0.03000135
22.27282390	0.75731124	0.16414024	0.03980985
23.75701216	0.70684119	0.16793014	0.04072904
25.24120042	0.73073604	0.12971689	0.03146097
26.72538868	0.75956656	0.15173175	0.03680036
28.20957694	0.72810963	0.16247361	0.03940564
29.69376520	0.70624409	0.12324923	0.02989233
31.17795346	0.67463917	0.13783044	0.03342879
32.66214172	0.53145264	0.12438847	0.03016864
34.14632998	0.58496321	0.18967397	0.04600269
35.63051824	0.23138231	0.10548463	0.02558378
